2e554428
1928484c
01403a18
5d270229
404b015f
0f2a263a
492f5525
4462360e
244a063d
0f4e5a44
5e305c57
582f5134
16526359
18253061
24555604
23294747
434d2152
08173202
175f5a0b
2a470f10
3542064d
04061a28
5b0d611a
06446249
2d533805
063a081d
35625d2f
153c104a
1b160353
50511747
5e483134
282f1a26
1e222b58
2c334662
010f2d16
1b0d3036
2303590f
550d261f
2558544e
573e4446
300b0a5c
0f205a44
2f582b1b
012b2159
2f173854
582f0f19
2333034a
0d472c0d
23070632
27304627
580d422a
39631f38
1627280a
56372449
3b5b0018
3f2c2632
332c342b
2c165221
58304b2d
2f3a0116
31292058
30143d07
0c3d201b
3a464d3d
00000000
00000000
00000000
421d040a
03265f5b
56165856
50590852
525c461f
0d535a4d
614a0407
2c21443e
0e191911
3f143d02
2b31284b
5b003949
5c4f3839
3f63220c
495a1346
4b272059
00000000
00000000
00000000
00000000
00000000
00000000
00000000
00000000
00000000
00000000
00000000
00000000
00000000
00000000
00000000
00000000
00000000
00000000
00000000
00000000
00000000
00000000
00000000
00000000
00000000
00000000
00000000
00000000
00000000
00000000
00000000
00000000
00000000
00000000
00000000
00000000
00000000
00000000
00000000
00000000
00000000
00000000
00000000
00000000
00000000
00000000
00000000
00000000
00000000
00000000
00000000
00000000
00000000
00000000
00000000
00000000
00000000
00000000
00000000
00000000
00000000
00000000
00000000
00000000
00000000
00000000
00000000
00000000
00000000
00000000
00000000
00000000
00000000
00000000
00000000
00000000
00000000
00000000
00000000
00000000
00000000
00000000
00000000
00000000
00000000
00000000
00000000
00000000
00000000
00000000
00000000
00000000
00000000
00000000
00000000
00000000
00000000
00000000
00000000
00000000
00000000
00000000
00000000
00000000
00000000
00000000
00000000
00000000
00000000
00000000
00000000
00000000
00000000
00000000
00000000
00000000
00000000
00000000
00000000
00000000
00000000
00000000
00000000
00000000
00000000
00000000
00000000
00000000
00000000
00000000
00000000
00000000
00000000
00000000
00000000
00000000
00000000
00000000
00000000
00000000
00000000
00000000
00000000
00000000
00000000
00000000
00000000
00000000
00000000
00000000
00000000
00000000
00000000
00000000
00000000
00000000
00000000
00000000
00000000
00000000
00000000
00000000
00000000
00000000
00000000
00000000
00000000
00000000
00000000
00000000
00000000
00000000
00000000
00000000
00000000
00000000
00000000
00000000
00000000
00000000
00000000
00000000
00000000
00000000
00000000
00000000
00000000
00000000
00000000
00000000
00000000
00000000
00000000
00000000
00000000
00000000
00000000
00000000
00000000
00000000
00000000
00000000
00000000
00000000
00000000
00000000
00000000
00000000
00000000
00000000
00000000
00000000
00000000
00000000
00000000
00000000
00000000
00000000
